sample	path	BTau_norm	TTau_norm	BTau	TTau	totalCounts	name
11298_TCX		0.3942115628507069	445.1036293662695	61	68875	154739246	11298_TCX.snap.bam
11398_TCX		0.6008508256683055	162.79138783269764	92	24926	153116208	11398_TCX.snap.bam
11395_TCX		0.34147450283873443	336.3334144904402	36	35458	105425148	11395_TCX.snap.bam
11495_TCX		0.5133479650790035	505.2431066185796	85	83658	165579696	11495_TCX.snap.bam
1036_TCX		0.5065845269468169	413.11601082275996	69	56269	136206292	1036_TCX.snap.bam
751_TCX		0.2548919838122791	358.2048026910721	25	35133	98080762	751_TCX.snap.bam
11264_TCX		0.35752793033020064	292.2989457077352	36	29432	100691434	11264_TCX.snap.bam
11349_TCX		0.4303807341206197	406.89424263003735	49	46326	113852680	11349_TCX.snap.bam
11412_TCX		0.6474170142611488	438.96265861560215	93	63056	143647754	11412_TCX.snap.bam
1123_TCX		0.4986429363232001	235.11707007272668	72	33949	144391898	1123_TCX.snap.bam
1129_TCX		0.6800520518641017	328.69465861786523	80	38667	117638054	1129_TCX.snap.bam
11291_TCX		0.3464069473196694	380.19014288695985	61	66949	176093466	11291_TCX.snap.bam
11357_TCX		0.3607202384944202	295.1240472986414	46	37635	127522648	11357_TCX.snap.bam
736_TCX		0.46143960424667835	359.8785221196931	52	40555	112690804	736_TCX.snap.bam
11327_TCX		0.3682950674502492	149.77332742976802	48	19520	130330282	11327_TCX.snap.bam
11341_TCX		0.5731876617136179	288.55120574415014	94	47321	163995156	11341_TCX.snap.bam
11391_TCX		0.3910545198528324	400.4118958635966	42	43005	107401904	11391_TCX.snap.bam
11440_TCX		0.4359490126670988	432.240287008612	69	68413	158275390	11440_TCX.snap.bam
142_TCX		0.5127996556806712	336.05203685785983	64	41941	124805076	142_TCX.snap.bam
11464_TCX		0.3269015810486	405.4082530511946	39	48366	119301962	11464_TCX.snap.bam
11483_TCX		0.5718454652193442	353.77557893973085	93	57535	162631350	11483_TCX.snap.bam
127_TCX		0.27682752018461076	226.05199503074957	31	25314	111983086	127_TCX.snap.bam
1121_TCX		0.7012234982658918	333.14251873239687	80	38007	114086308	1121_TCX.snap.bam
11447_TCX		0.4101641745000277	316.309496614988	45	34703	109712166	11447_TCX.snap.bam
11266_TCX		0.44938742727936337	415.05592363683246	53	48951	117938324	11266_TCX.snap.bam
11300_TCX		0.5068265053300495	360.36209239808727	60	42661	118383706	11300_TCX.snap.bam
775_TCX		0.20106959519535794	515.9994184336146	22	56458	109414852	775_TCX.snap.bam
11288_TCX		0.42510009493429785	314.1489701564461	54	39906	127028906	11288_TCX.snap.bam
11394_TCX		0.20306100246952638	404.53136041970816	24	47812	118191084	11394_TCX.snap.bam
11338_TCX		0.3584131929698065	428.813508806698	45	53839	125553414	11338_TCX.snap.bam
11491_TCX		0.3656027573442044	306.4863810588524	46	38562	125819620	11491_TCX.snap.bam
6894_TCX		0.5241295387652571	364.76608061247083	56	38973	106843816	6894_TCX.snap.bam
11438_TCX		0.440864863412791	345.7335736360343	60	47053	136096126	11438_TCX.snap.bam
11443_TCX		0.47066698840206883	216.44092128657536	50	22993	106232222	11443_TCX.snap.bam
11314_TCX		0.47081515945518265	307.70248644919633	38	24835	80711080	11314_TCX.snap.bam
1950_TCX		0.25964901562476134	96.7192583202236	34	12665	130946000	1950_TCX.snap.bam
11408_TCX		0.08703400807447373	87.26609876267231	9	9024	103407854	11408_TCX.snap.bam
11263_TCX		0.7501188204518527	410.4209898378794	92	50337	122647236	11263_TCX.snap.bam
11293_TCX		0.31767536725526924	106.595457102881	31	10402	97583896	11293_TCX.snap.bam
11328_TCX		0.5585881192629223	271.91337071136417	61	29694	109203898	11328_TCX.snap.bam
11400_TCX		0.1873229816555653	426.392063763664	25	56906	133459332	11400_TCX.snap.bam
11276_TCX		0.6934092116324942	314.28772517242805	88	39886	126909188	11276_TCX.snap.bam
11410_TCX		0.6296509293528594	413.72320456654165	74	48623	117525436	11410_TCX.snap.bam
11307_TCX		0.1872573227022857	401.92911744818605	20	42928	106804902	11307_TCX.snap.bam
6870_TCX		0.5388709053316897	357.52801542792537	63	41799	116911118	6870_TCX.snap.bam
11322_TCX		0.4151257408036333	514.2389695607875	53	65654	127672160	11322_TCX.snap.bam
11417_TCX		1.054867646950527	265.18974581073246	106	26648	100486540	11417_TCX.snap.bam
1214_TCX		0.5845547977588845	283.40139576610346	76	36846	130013474	1214_TCX.snap.bam
11494_TCX		0.340148477077901	376.831155978459	51	56500	149934524	11494_TCX.snap.bam
11428_TCX		0.49932706014251077	399.38916515366543	62	49591	124167114	11428_TCX.snap.bam
11285_TCX		0.4244836510121812	275.2823641664108	45	29183	106011150	11285_TCX.snap.bam
1089_TCX		1.0264480669871348	342.99006550772015	105	35086	102294508	1089_TCX.snap.bam
6925_TCX		0.43868703034416656	292.28870242825894	57	37978	129933178	6925_TCX.snap.bam
11386_TCX		0.7457857709664673	288.2787833520284	103	39814	138109366	11386_TCX.snap.bam
135_TCX		0.6071862621560744	325.246397554776	133	71243	219043164	135_TCX.snap.bam
11311_TCX		0.4690854045213013	314.6841394484822	52	34884	110854014	11311_TCX.snap.bam
11355_TCX		0.655133104970109	468.77200079518605	108	77278	164851996	11355_TCX.snap.bam
742_TCX		0.2325322049837271	389.9371300739617	24	40246	103211510	742_TCX.snap.bam
11370_TCX		0.24846760823497482	233.725196813033	27	25398	108666076	11370_TCX.snap.bam
1034_TCX		0.40038533084240274	294.65430701238574	41	30173	102401354	1034_TCX.snap.bam
11492_TCX		0.3478861386467035	402.58516616740957	86	99522	247207320	11492_TCX.snap.bam
11313_TCX		1.4777645976629414	298.769230715737	170	34370	115038620	11313_TCX.snap.bam
6929_TCX		0.5224679028478398	388.4258597727663	63	46837	120581570	6929_TCX.snap.bam
11294_TCX		0.5385197698469899	288.9697084998948	50	26830	92847102	11294_TCX.snap.bam
134_TCX		0.5414368903577728	254.53334956354865	56	26326	103428490	134_TCX.snap.bam
11503_TCX		0.358256726981294	386.99102387770546	34	36727	94904010	11503_TCX.snap.bam
11254_TCX		0.2593728325385738	180.80756645391344	42	29278	161929064	11254_TCX.snap.bam
1925_TCX		0.3647882759466136	213.2448035962204	35	20460	95946066	1925_TCX.snap.bam
11430_TCX		0.3571416666706349	380.2917726537981	39	41528	109200364	11430_TCX.snap.bam
6810_TCX		1.3056901929102187	423.2540180790196	211	68398	161600356	6810_TCX.snap.bam
11265_TCX		0.155836315456025	159.51794840867356	16	16378	102671832	11265_TCX.snap.bam
1239_TCX		0.4415030763846062	241.44920241321344	50	27344	113249494	1239_TCX.snap.bam
11358_TCX		0.6442121912488387	294.08632881149947	93	42455	144362372	11358_TCX.snap.bam
1919_TCX		0.35073482155230523	451.4076046538017	59	75935	168218256	1919_TCX.snap.bam
11426_TCX		0.46723286568307293	302.6601008790465	70	45344	149818228	11426_TCX.snap.bam
11463_TCX		0.2666587295484183	397.41039327032604	21	31297	78752344	11463_TCX.snap.bam
11281_TCX		0.3927509030699187	471.57226883126026	42	50429	106938010	11281_TCX.snap.bam
11323_TCX		0.6465113050653355	362.09317948188243	69	38645	106726672	11323_TCX.snap.bam
6976_TCX		0.7444154903131663	359.707011861934	82	39623	110153538	6976_TCX.snap.bam
11457_TCX		0.3509105954496621	421.2180397522551	42	50415	119688606	11457_TCX.snap.bam
149_TCX		0.5754657958689826	298.965137727934	81	42081	140755542	149_TCX.snap.bam
11465_TCX		0.6786832584188831	296.0951488869229	104	45373	153237904	11465_TCX.snap.bam
11331_TCX		1.2397765942152643	245.08425725644912	152	30048	122602734	11331_TCX.snap.bam
1302_TCX		0.2671398739405624	415.0064000265592	29	45052	108557362	1302_TCX.snap.bam
141_TCX		0.5266296653738055	294.5944405198344	48	26851	91145644	141_TCX.snap.bam
1952_TCX		0.1438941013088147	353.09693873165673	15	36808	104243328	1952_TCX.snap.bam
1103_TCX		0.716370079038635	381.4670670880731	94	50055	131217094	1103_TCX.snap.bam
1010_TCX		0.4752595050564344	329.5033555994392	48	33279	100997454	1010_TCX.snap.bam
11393_TCX		0.23060129094446025	324.0428557125801	24	33725	104075740	11393_TCX.snap.bam
11295_TCX		0.8801623723544519	307.46720698723817	103	35981	117023862	11295_TCX.snap.bam
6821_TCX		1.0037340424632808	378.8294710012885	119	44913	118557302	6821_TCX.snap.bam
11480_TCX		1.144639969642098	437.0645424381163	134	51166	117067378	11480_TCX.snap.bam
11258_TCX		0.6954680865343121	424.50599259736043	72	43948	103527396	11258_TCX.snap.bam
783_TCX		0.2974386723099111	146.37948526611757	30	14764	100861128	783_TCX.snap.bam
11485_TCX		0.4222767570151631	150.39085074840023	49	17451	116037644	11485_TCX.snap.bam
1929_TCX		0.34112144948810025	362.5475643154069	37	39324	108465768	1929_TCX.snap.bam
731_TCX		0.4910564734397847	391.1736980633885	52	41423	105894134	731_TCX.snap.bam
1085_TCX		0.6233986860745268	349.5608653649174	94	52709	150786330	1085_TCX.snap.bam
1200_TCX		0.3023394065873609	296.72933093179546	36	35332	119071478	1200_TCX.snap.bam
11325_TCX		0.5523115043682317	242.06538671449513	65	28488	117687210	11325_TCX.snap.bam
6819_TCX		0.7655628333739053	371.2979741863441	90	43650	117560566	6819_TCX.snap.bam
11374_TCX		0.48296500640340767	485.6696104392667	75	75420	155290754	11374_TCX.snap.bam
1941_TCX		0.5360528222162589	302.53927864515293	60	33863	111929268	1941_TCX.snap.bam
129_TCX		0.6800520518641017	328.69465861786523	80	38667	117638054	1129_TCX.snap.bam
11449_TCX		0.6049367813808063	377.82622974241224	91	56836	150428942	11449_TCX.snap.bam
11452_TCX		0.4018039756567427	329.5157876726796	44	36084	109506134	11452_TCX.snap.bam
11500_TCX		0.6105923111773808	368.15737864917145	82	49442	134295828	11500_TCX.snap.bam
11425_TCX		0.4230765227814438	367.8396519670985	50	43472	118181930	11425_TCX.snap.bam
11366_TCX		0.39255770363975195	348.9901301116047	62	55119	157938564	11366_TCX.snap.bam
11289_TCX		0.4309032004336778	223.38652500531273	41	21255	95148980	11289_TCX.snap.bam
7098_TCX		0.3886409726533168	172.22624703131734	40	17726	102922756	7098_TCX.snap.bam
11290_TCX		0.3991218938219827	350.4765372868701	42	36881	105231010	11290_TCX.snap.bam
1933_TCX		0.1696970122069283	213.75224209820476	18	22673	106071402	1933_TCX.snap.bam
1052_TCX		0.40214523332116425	421.12053062676284	54	56548	134279846	1052_TCX.snap.bam
1956_TCX		0.2323030514667129	414.618709949634	33	58899	142055818	1956_TCX.snap.bam
11312_TCX		0.72225536484612	246.0378601551891	92	31340	127378770	11312_TCX.snap.bam
1943_TCX		0.1372361492516175	262.0049221750688	13	24819	94727228	1943_TCX.snap.bam
11422_TCX		0.5024146142981364	313.3231447514281	52	32429	103500174	11422_TCX.snap.bam
11476_TCX		0.575409595559186	344.8655759955886	56	33563	97321978	11476_TCX.snap.bam
11303_TCX		0.4307917123677044	481.74195929824407	59	65978	136957138	11303_TCX.snap.bam
11481_TCX		0.5439665345092997	365.57689387493264	52	34947	95594116	11481_TCX.snap.bam
1119_TCX		0.7828756454547148	221.38195691224297	82	23188	104742050	1119_TCX.snap.bam
1271_TCX		0.4681779302129851	437.1036119974927	59	55084	126020464	11271_TCX.snap.bam
1104_TCX		0.7903938072191316	295.8577057002622	101	37806	127784402	1104_TCX.snap.bam
11306_TCX		0.3407451371823372	242.26979253664175	35	24885	102716066	11306_TCX.snap.bam
1019_TCX		1.0662390957423968	229.25109866730386	110	23651	103166354	1019_TCX.snap.bam
11371_TCX		0.5099671661402134	366.50755022273694	61	43840	119615544	11371_TCX.snap.bam
11489_TCX		0.9324353472338373	242.57245010538455	154	40063	165158904	11489_TCX.snap.bam
11474_TCX		0.4740494145662112	454.19967271628417	55	52697	116021660	11474_TCX.snap.bam
11505_TCX		0.5603314921107326	277.2360128251874	70	34634	124926050	11505_TCX.snap.bam
732_TCX		0.7624627468522018	371.59306229281543	78	38014	102300080	732_TCX.snap.bam
11470_TCX		0.5555446146366554	329.6714462451086	69	40946	124202446	11470_TCX.snap.bam
1940_TCX		0.08075360393744883	61.362644791968926	8	6079	99066786	1940_TCX.snap.bam
11329_TCX		0.6049535825568942	320.6092666596191	75	39748	123976454	11329_TCX.snap.bam
6863_TCX		0.40162604766337284	308.17814357334936	46	35297	114534404	6863_TCX.snap.bam
6914_TCX		0.626834463916911	267.16291466136084	62	26425	98909686	6914_TCX.snap.bam
11346_TCX		0.8928813892052119	334.9074934855066	116	43510	129916472	11346_TCX.snap.bam
11383_TCX		0.7104918382381655	406.9188502186017	81	46391	114005532	11383_TCX.snap.bam
11319_TCX		0.48005911078613983	293.39920384412136	52	31781	108319994	11319_TCX.snap.bam
11344_TCX		0.24318851268256467	402.7607084211075	24	39748	98688872	11344_TCX.snap.bam
11267_TCX		0.5466961511497567	233.68775479146873	55	23510	100604330	11267_TCX.snap.bam
11456_TCX		0.2588566457272216	378.08004313427847	26	37975	100441694	11456_TCX.snap.bam
11345_TCX		0.3377073869505948	277.68834160480037	40	32891	118445736	11345_TCX.snap.bam
11506_TCX		0.43784418274439263	275.9644315001358	50	31514	114195876	11506_TCX.snap.bam
1169_TCX		0.48994731968831357	270.7644867525496	50	27632	102051788	1169_TCX.snap.bam
11427		0.3475141925710757	380.35428376904235	38	41591	109348052	11427.snap.bam
11460_TCX		0.5370069827593333	340.4144800173852	56	35499	104281698	11460_TCX.snap.bam
11333_TCX		0.6696213307799114	361.9429636512738	106	57295	158298422	11333_TCX.snap.bam
11448_TCX		0.3078000070540519	389.5661736338224	34	43032	110461336	11448_TCX.snap.bam
1951_TCX		0.4764918005290965	305.29064000128983	61	39083	128018992	1951_TCX.snap.bam
11507_TCX		0.40720850373117806	225.07281822623608	61	33716	149800408	11507_TCX.snap.bam
11372_TCX		0.9127873421953683	389.4392149531338	91	38825	99694634	11372_TCX.snap.bam
11429_TCX		0.6517619994598196	306.92776078561826	75	35319	115072680	11429_TCX.snap.bam
1945_TCX		0.2684067240591818	422.7681192879866	39	61429	145301874	1945_TCX.snap.bam
11340_TCX		0.36417497179829017	288.3329326714977	35	27711	96107648	11340_TCX.snap.bam
11259_TCX		0.47233396912146614	408.3626529655222	71	61384	150317370	11259_TCX.snap.bam
11493_TCX		0.5254962181963996	291.43144434141993	60	33275	114177796	11493_TCX.snap.bam
11271_TCX		0.47976434495798004	447.92100301127755	59	55084	122977042	11271_TCX.snap.bam
1944_TCX		0.2736175359254529	165.31794993173332	31	18730	113296832	1944_TCX.snap.bam
11404_TCX		0.4494248297716324	391.870935754959	49	42725	109028244	11404_TCX.snap.bam
1015_TCX		0.8800615886656673	357.43945885208484	144	58486	163624912	1015_TCX.snap.bam
11287_TCX		0.5714807848158318	146.6880053358526	72	18481	125988488	11287_TCX.snap.bam
11433_TCX		0.4817511171356765	292.22219846921575	48	29116	99636510	11433_TCX.snap.bam
11424_TCX		0.6937488561027384	246.1652191071217	66	23419	95135292	11424_TCX.snap.bam
1942_TCX		0.5032707744215895	285.63706707566394	57	32351	113259110	1942_TCX.snap.bam
1045_TCX		0.601029355123941	358.6337275607034	123	73394	204648906	1045_TCX.snap.bam
11253_TCX		0.2156336017321899	485.12385183301154	25	56244	115937404	11253_TCX.snap.bam
1937_TCX		0.17720195580330075	386.7728022000045	21	45836	118508850	1937_TCX.snap.bam
11472_TCX		0.3381377469352836	218.6856152164691	34	21989	100550738	11472_TCX.snap.bam
11387_TCX		0.4966883081288099	366.3452551471283	33	24340	66440058	11387_TCX.snap.bam
1172_TCX		0.4869346863038734	215.13873970841942	62	27393	127327138	1172_TCX.snap.bam
11499_TCX		0.379757332302787	468.88522741445627	66	81490	173795196	11499_TCX.snap.bam
1964_TCX		0.3626084784812265	389.8796578003354	48	51610	132374180	1964_TCX.snap.bam
11471_TCX		0.7531637674697723	166.78217027643788	95	21037	126134586	11471_TCX.snap.bam
1275_TCX		0.3415310369026083	297.3297306003181	38	33082	111263680	11275_TCX.snap.bam
11469_TCX		0.8709798068217773	375.6897044791008	82	35370	94146844	11469_TCX.snap.bam
11275_TCX		0.3415310369026083	297.3297306003181	38	33082	111263680	11275_TCX.snap.bam
1098_TCX		0.3605862935759996	406.30483995624076	38	42818	105383928	1098_TCX.snap.bam
11309_TCX		0.31235684016679066	289.4387725796959	35	32432	112051332	11309_TCX.snap.bam
11353_TCX		0.3536580177849141	294.48304558328994	62	51626	175310602	11353_TCX.snap.bam
11317_TCX		0.5713717492957091	398.7773847452965	57	39782	99759920	11317_TCX.snap.bam
11445_TCX		0.3327797889801567	368.94443907095376	43	47673	129214578	11445_TCX.snap.bam
7095_TCX		0.050497057687939696	55.184867876636766	6	6557	118818804	7095_TCX.snap.bam
11377_TCX		0.32757191756524096	358.60632368123674	27	29558	82424648	11377_TCX.snap.bam
11381_TCX		0.49034154169361266	405.19091954344157	61	50407	124403084	11381_TCX.snap.bam
11321_TCX		0.29958546535385727	211.05796034179247	34	23953	113490152	11321_TCX.snap.bam
1960_TCX		0.18621973374391854	322.8007352610582	25	43336	134250004	1960_TCX.snap.bam
11388_TCX		0.3828251156894255	384.7262641453069	59	59293	154117370	11388_TCX.snap.bam
11497_TCX		0.32842572249964164	298.44319091644513	48	43618	146151768	11497_TCX.snap.bam
1046_TCX		0.3921771572721745	265.977816204966	48	32554	122393666	1046_TCX.snap.bam
6913_TCX		0.7284354070918126	370.40052114756367	82	41696	112570036	6913_TCX.snap.bam
1005_TCX		0.31938060845655974	288.674444243522	42	37962	131504540	1005_TCX.snap.bam
11468_TCX		0.2351640105299295	123.36703992400102	25	13115	106308784	11468_TCX.snap.bam
11337_TCX		0.38986923054008316	228.41563000703485	49	28708	125683168	11337_TCX.snap.bam
11482_TCX		0.3663344775529072	417.8904481081082	49	55896	133757544	11482_TCX.snap.bam
1029_TCX		0.607556223486597	321.92690662437246	78	41330	128383180	1029_TCX.snap.bam
1936_TCX		0.3928350846326712	352.335658050303	42	37670	106915094	1936_TCX.snap.bam
1935_TCX		0.3970880512121056	361.0381288484923	42	38187	105769992	1935_TCX.snap.bam
7015_TCX		0.5581615892496778	352.72279772293246	79	49923	141536074	7015_TCX.snap.bam
11385_TCX		0.4810976724494607	380.371012396621	76	60088	157972080	11385_TCX.snap.bam
11389_TCX		0.4302509122578611	226.4169190945271	41	21576	95293232	11389_TCX.snap.bam
1955_TCX		0.1976770036337234	392.0305626438548	16	31731	80940118	1955_TCX.snap.bam
1932_TCX		0.17015452910781176	195.57299799453253	26	29884	152802280	1932_TCX.snap.bam
1105_TCX		0.444045778403238	397.1989487816964	68	60826	153137364	1105_TCX.snap.bam
11399_TCX		0.5824042123079782	334.393954028055	62	35598	106455274	11399_TCX.snap.bam
11334_TCX		0.5380404338731156	327.22946637620555	64	38924	118950168	11334_TCX.snap.bam
6880_TCX		0.4920578728051871	354.3353474604043	55	39606	111775470	6880_TCX.snap.bam
11502_TCX		0.2197308715070387	203.83447949249503	29	26902	131979634	11502_TCX.snap.bam
1058_TCX		0.2722207331860142	362.23505562618953	27	35928	99184216	1058_TCX.snap.bam
1924_TCX		0.35911239129460737	151.60067718652346	39	16464	108601098	1924_TCX.snap.bam
11403_TCX		0.3154666256139431	327.73226846221854	42	43633	133136112	11403_TCX.snap.bam
11320_TCX		0.42589159476145283	345.7620270779708	55	44652	129140844	11320_TCX.snap.bam
11249_TCX		0.9066549009867261	336.93803889541806	94	34933	103677816	11249_TCX.snap.bam
1078_TCX		0.877744683487286	264.4732505815541	100	30131	113928346	1078_TCX.snap.bam
11416_TCX		0.5914540540031457	231.7972480433984	157	61530	265447500	11416_TCX.snap.bam
744_TCX		0.4123090287656015	349.010222190337	44	37245	106716072	744_TCX.snap.bam
1183_TCX		0.5117742220366519	225.73895684743954	55	24260	107469266	1183_TCX.snap.bam
1166_TCX		0.5887797674204304	265.97858366050934	55	24846	93413536	1166_TCX.snap.bam
6952_TCX		0.5517969328428799	317.32411023153315	54	31054	97862088	6952_TCX.snap.bam
11396_TCX		1.0325843756897741	248.17807643434912	101	24275	97812830	11396_TCX.snap.bam
1047_TCX		0.4787631619706632	394.51148464520367	45	37081	93992194	1047_TCX.snap.bam
1195_TCX		0.7482846544295828	361.53234507532994	81	39135	108247576	1195_TCX.snap.bam
11402_TCX		0.20430128355686414	371.0413977960886	27	49036	132157760	11402_TCX.snap.bam
11431_TCX		0.44756269454728637	267.8662726865509	64	38304	142996726	11431_TCX.snap.bam
11279_TCX		0.4499905783222664	381.2920166984004	48	40672	106668900	11279_TCX.snap.bam
1203_TCX		0.226305517330129	379.05365918806143	28	46899	123726546	1203_TCX.snap.bam
11316_TCX		0.42969120122972865	216.21695551240603	47	23650	109380876	11316_TCX.snap.bam
1926_TCX		0.561932670274336	291.1581002802258	73	37824	129908802	1926_TCX.snap.bam
7000_TCX		0.565414091990775	302.29167903680707	69	36890	122034454	7000_TCX.snap.bam
11305_TCX		1.3937842543975567	439.3045060013182	154	48539	110490558	11305_TCX.snap.bam
11330_TCX		0.39396488476075703	305.1586336542697	48	37180	121838270	11330_TCX.snap.bam
1963_TCX		0.23111445888108617	406.8816271493298	25	44013	108171510	1963_TCX.snap.bam
11423		0.5885078540296506	147.20543122128325	60	15008	101952760	11423.snap.bam
6872_TCX		1.025599022328281	401.07110732653285	116	45363	113104632	6872_TCX.snap.bam
1959_TCX		0.20479095023578045	99.565636532814	22	10696	107426622	1959_TCX.snap.bam
1114_TCX		0.7464831882083687	270.2269141314295	98	35476	131282260	1114_TCX.snap.bam
1923_TCX		0.9881719056905982	294.61896199117143	110	32796	111316664	1923_TCX.snap.bam
1931_TCX		0.21781531364876186	203.05365867805148	35	32628	160686590	1931_TCX.snap.bam
11397_TCX		0.3982746741117479	266.5595497447913	49	32795	123030670	11397_TCX.snap.bam
1137_TCX		0.49734137876955753	402.4838720479888	48	38845	96513184	1137_TCX.snap.bam
11255_TCX		0.5734090781990341	299.8592179523184	68	35560	118588984	11255_TCX.snap.bam
11486_TCX		0.5528036420969088	283.6759079975101	82	42079	148334768	11486_TCX.snap.bam
11498_TCX		0.41201795432434113	445.908826520741	43	46537	104364384	11498_TCX.snap.bam
